3700812
3700819
3703083
3706594
3708773
3709620
3707442
3703085
3706593
3706118
3709627
3707447
3709626
3707448
3708778
3706114
3706115
3709622
3700800
3700805
3700809
3700808
3703072
3703075
3706582
3706580
3709616
3707437
3707435
3708765
3709612
3707432
3708764
3709611
3709609
3709608
3706572
3706573
3703063
3708758
3709605
3706579
3703065
3703066
3709600
3707892
3706562
3707890
3704383
3705237
3706569
3708747
3705239
3707898
3705238
3706568
3707415
3708745
3707412
3708743
3707894
3706564
3707895
3701707
3706154
3707485
3709664
3706155
3706150
3708338
3709669
3706158
3708336
3709668
3706159
3707003
3709666
3709652
3707472
3705293
3709659
3709658
3705299
3709657
3708326
3708324
3709654
3700836
3705283
3708311
3708794
3708793
3706131
3705280
3708319
3707467
3708799
3709646
3707468
3707465
3708797
3709644
3707466
3709643
3706121
3708782
3709639
3709638
3707458
3707459
3708306
3708304
3708301
3708302
3709632
3700414
3700898
3700897
3703925
3703927
3703920
3701748
3700899
3706198
3709222
3706197
3707044
3708375
3709229
3709228
3709227
3700892
3709226
3703913
3700885
3701732
3703915
3700400
3700884
3700407
3700406
3703911
3701735
3703918
3703919
3708366
3709696
3706185
3709211
3706186
3706182
3709219
3700882
3707036
3709214
3709698
3700877
3701724
3706180
3706176
3709686
3706177
3709685
3706174
3708352
3709684
3706175
3706172
3706173
3707020
3706170
3700872
3709689
3700870
3709688
3707026
3709687
3706165
3709675
3706166
3707497
3708344
3709674
3706163
3709673
3706164
3708342
3709672
3707492
3709671
3707493
3707490
3707019
3707017
3707014
3708345
3709677
3708346
3701304
3703969
3704815
3701303
3703965
3702636
3709270
3709262
3709261
3702632
3700454
3701301
3700453
3701300
3702627
3702628
3703959
3702622
3703954
3702624
3704803
3702625
3703956
3709257
3707079
3709256
3707076
3709255
3702620
3702621
3701774
3709259
3701771
3709258
3710200
3707067
3708398
3710202
3707068
3708399
3709245
3710201
3707066
3708397
3710205
3710208
3708393
3710207
3710209
3703940
3703941
3707069
3703936
3700422
3701753
3702607
3703933
3708391
3703939
3710213
3708385
3709233
3710214
3707052
3709230
3708382
3709239
3701751
3709238
3709237
3709236
3703408
3701226
3703409
3706916
3706917
3701225
3703405
3710181
3701229
3702559
3710180
3710183
3710182
3710185
3710184
3709190
3710189
3710188
3709189
3700373
3703400
3703884
3706911
3700371
3703401
3704733
3702555
3703886
3702551
3706907
3701216
3706908
3700368
3706906
3706903
3710190
3703877
3706901
3710192
3706902
3710194
3709182
3710193
3709181
3710196
3709180
3710198
3710197
3710199
3700362
3703872
3700361
3706900
3703874
3701690
3701210
3700356
3701209
3704712
3709171
3709168
3709166
3709163
3709162
3701681
3702531
3703862
3702532
3701201
3701685
3700353
3701200
3701679
3702527
3700345
3702525
3702526
3704703
3709161
3709153
3703853
3700342
3707807
3704779
3707805
3707806
3702118
3710141
3710140
3710145
3710147
3704775
3703444
3702114
3702598
3705624
3702115
3701268
3701266
3703441
3701259
3702105
3705615
3702106
3704767
3710150
3710152
3710151
3710154
3710153
3710156
3710155
3710158
3710157
3710159
3701252
3701251
3702103
3702587
3704766
3702588
3706942
3702581
3704760
3701256
3702582
3703430
3703429
3701247
3705609
3702578
3703425
3704757
3703426
3704756
3704759
3706934
3704758
3706935
3710161
3710160
3710167
3710169
3700391
3700390
3702574
3704753
3706933
3705602
3706930
3703424
3706931
3702571
3702572
3704751
3700396
3704750
3704749
3704746
3703415
3702569
3710170
3706924
3710171
3710174
3710176
3710178
3710177
3710179
3702564
3700382
3702565
3702566
3701232
3703007
3706518
3703008
3706519
3706516
3707847
3706517
3706990
3704334
3702158
3704337
3706512
3704336
3706513
3703483
3703000
3702155
3703002
3705659
3706506
3707837
3701292
3701291
3701297
3707834
3702146
3707832
3706986
3704320
3703473
3707831
3702144
3707827
3704316
3707825
3701280
3701286
3703467
3704315
3704793
3702132
3701287
3704309
3707818
3702127
3707816
3705636
3707817
3701270
3707812
3707813
3701279
3706550
3707881
3706551
3704373
3704372
3707405
3707889
3708736
3706556
3705227
3707404
3708734
3702197
3705221
3707886
3705224
3708731
3706553
3707884
3708729
3708727
3705690
3704361
3705699
3707878
3708726
3703037
3705698
3707879
3708725
3703038
3703039
3708723
3705211
3705210
3707875
3706541
3703035
3706542
3708718
3708717
3706539
3708716
3705680
3702171
3707860
3704351
3707867
3707868
3707865
3708713
3708712
3705684
3708711
3702175
3704352
3705683
3708710
3706529
3708707
3708706
3706528
3703490
3702160
3703492
3703014
3706525
3707857
3708702
3705678
3706524
3703010
3705673
3702164
3704341
3707850
3706520
3700933
3704052
3704051
3704053
3705384
3708891
3705380
3704059
3708418
3706237
3709747
3707569
3708416
3709746
3704056
3709745
3707567
3708414
3704058
3704057
3708895
3700926
3704041
3708883
3709730
3706221
3707552
3708882
3703196
3703190
3706228
3704048
3708404
3706227
3706224
3708886
3709733
3704047
3706219
3709729
3709728
3706210
3707541
3708871
3704032
3709727
3704037
3708879
3706215
3707546
3709725
3704039
3707547
3709724
3704034
3709723
3706214
3706698
3707545
3709722
3705367
3709721
3708873
3709720
3700900
3709717
3700904
3700909
3700907
3706683
3704021
3703179
3706206
3707538
3708867
3706689
3704023
3705354
3706686
3705353
3704025
3705356
3707531
3709710
3703178
3704024
3705355
3706201
3706685
3701826
3700978
3706275
3707122
3708453
3708454
3709784
3706273
3708451
3709783
3706274
3709782
3704092
3706272
3709309
3709306
3700971
3707126
3709789
3704099
3706277
3709302
3709786
3700967
3701814
3700965
3704085
3707111
3707595
3709774
3704084
3709773
3706262
3704086
3706263
3707110
3708441
3704081
3707592
3707119
3708448
3707115
3708446
3709776
3706267
3709775
3700952
3700950
3701802
3700954
3701808
3708432
3706251
3707582
3704070
3706250
3704072
3707108
3707106
3708438
3709768
3704078
3706257
3706258
3707589
3700944
3700943
3704063
3708420
3705393
3706240
3709750
3707570
3706248
3707579
3709757
3704067
3707577
3706247
3704069
3708422
3709754
3707576
3708423
3700533
3702716
3700532
3700537
3702719
3707164
3708495
3708493
3709341
3709340
3709348
3701860
3707168
3708499
3701855
3709334
3707156
3709333
3708482
3707152
3708481
3708007
3709336
3709335
3700514
3709323
3708473
3708474
3706294
3708472
3701837
3701834
3700509
3706290
3708464
3708465
3709311
3707131
3709310
3709794
3706285
3708460
3709792
3709791
3709790
3707138
3707135
3709797
3700579
3703602
3702756
3703603
3709391
3709390
3708057
3709387
3708056
3700573
3708059
3701898
3701897
3701896
3702744
3702745
3700569
3709381
3709380
3708046
3709378
3708047
3709377
3707197
3708045
3709375
3709374
3707193
3708040
3702741
3702742
3708048
3704914
3702738
3700554
3702739
3702732
3704911
3700559
3701889
3707192
3708034
3707183
3701884
3701883
3708038
3701876
3702726
3707181
3709353
3707173
3708020
3708028
3700540
3701870
3701347
3702677
3702678
3701341
3703520
3700493
3700491
3702670
3700496
3701342
3702672
3703517
3703514
3703998
3704844
3702669
3709295
3709294
3702662
3704840
3700003
3700487
3700486
3703990
3701332
3701325
3700477
3702655
3703986
3704834
3704833
3701329
3704836
3709290
3709289
3701322
3700474
3704827
3704829
3701313
3703975
3701318
3703978
3709282
3700460
3707929
3703568
3702239
3702233
3704412
3703566
3705745
3702236
3704413
3702230
3703562
3701386
3703563
3707918
3703557
3702229
3704406
3702222
3707911
3702223
3707912
3700041
3702224
3703555
3703556
3701375
3700037
3703546
3702216
3703547
3704877
3705724
3703549
3703545
3702692
3701365
3702693
3704872
3701364
3703539
3702688
3704867
3703531
3700025
3703530
3706639
3708818
3704459
3705306
3708817
3708816
3708815
3705781
3702272
3704456
3706635
3702278
3703125
3706633
3707964
3703127
3704457
3704452
3705783
3706631
3703121
3706632
3702275
3703122
3700099
3704453
3705784
3708808
3704448
3705779
3708806
3708805
3703591
3705770
3703592
3700082
3708803
3704444
3704447
3705778
3706622
3703116
3702262
3707951
3703595
3704443
3706619
3704438
3705769
3706617
3707948
3703107
3704437
3705768
3707947
3703581
3703102
3706613
3707945
3702257
3703104
3705767
3702251
3705760
3702253
3701391
3701390
3700065
3702244
3703575
3705754
3706602
3701395
3705753
3703577
3706600
3705750
3707930
3709709
3709708
3708850
3704491
3703163
3706670
3708858
3704018
3708856
3708855
3704496
3706675
3709701
3704011
3707523
3708853
3709700
3705345
3706673
3707520
3708852
3707519
3708849
3703150
3704482
3704005
3704004
3708845
3704006
3705337
3706667
3707514
3707998
3704485
3707511
3703154
3704000
3705331
3705333
3706663
3708839
3706659
3704470
3702299
3707986
3706656
3706653
3707501
3703144
3707982
3704475
3703139
3706648
3708827
3708826
3705791
3704467
3705798
3706646
3707977
3702289
3704469
3708823
3704468
3708822
3703131
3704463
3706642
3704462
3706640
3706641
3709862
3706353
3708530
3709861
3709860
3705021
3705028
3708538
3709869
3707205
3709868
3709867
3709866
3705023
3707688
3709865
3704179
3709864
3704178
3708532
3709863
3707672
3705492
3709850
3705490
3709859
3704169
3708527
3708526
3709857
3709856
3709855
3709854
3708522
3709853
3709852
3709849
3708993
3707662
3704153
3707660
3705489
3706339
3709847
3705008
3707667
3709845
3706334
3709844
3705004
3708507
3707650
3704142
3703295
3709837
3709836
3707656
3708504
3704149
3708502
3709833
3709832
3704146
3709831
3709830
3700610
3701940
3701946
3700614
3700613
3708575
3709422
3708574
3708573
3706395
3705060
3706393
3707240
3705061
3709428
3709427
3709426
3705069
3709423
3700601
3700605
3700608
3709894
3709893
3706384
3709892
3709891
3706382
3709890
3707239
3706389
3709899
3709898
3706387
3707234
3709897
3705058
3707235
3709412
3709896
3701920
3701923
3701922
3701929
3701927
3704195
3707221
3709884
3709883
3704197
3708551
3709882
3707220
3708550
3709881
3709880
3709889
3705046
3707225
3708557
3709888
3709887
3709886
3706377
3707224
3708554
3709885
3701910
3701917
3701915
3705031
3706363
3707694
3709873
3708541
3704186
3709871
3709870
3707690
3707218
3705038
3708548
3709879
3708547
3707698
3708545
3709876
3706365
3708544
3709875
3707697
3709874
3701501
3700653
3700658
3709466
3708132
3709464
3709463
3707283
3708130
3707284
3708131
3708138
3708136
3701980
3709467
3701975
3702826
3700648
3700646
3709455
3709453
3709452
3708129
3700640
3701971
3709456
3702816
3700636
3701967
3702811
3702817
3710000
3702819
3710001
3710004
3705085
3708113
3710003
3708110
3710006
3708111
3708594
3710005
3705082
3709440
3710008
3710007
3707260
3710009
3708118
3709447
3708115
3701953
3700621
3701952
3702805
3702800
3702801
3710011
3710010
3710013
3702809
3710012
3705075
3707254
3708586
3710015
3707255
3710014
3705077
3707252
3710017
3710016
3705071
3710019
3710018
3709439
3709438
3705079
3705078
3708106
3709434
3700215
3705904
3700697
3702878
3705908
3709025
3708176
3709023
3709022
3709021
3702873
3700696
3700695
3700694
3709028
3700693
3709027
3700204
3700688
3703716
3701533
3701539
3702865
3702866
3703713
3702867
3708165
3700680
3701532
3701525
3703704
3701523
3701522
3703707
3703700
3703703
3708160
3708156
3709003
3708155
3709000
3709484
3709482
3709481
3700670
3708159
3709005
3701514
3701516
3701515
3701999
3707298
3708146
3709475
3707294
3708141
3708142
3709472
3709471
3701990
3702840
3709479
3702318
3700136
3701467
3703647
3702794
3702795
3704975
3703644
3705821
3700134
3704971
3701459
3701458
3705816
3700126
3700125
3701456
3702304
3702788
3703635
3704968
3700129
3700120
3701451
3701450
3702784
3702301
3703633
3701453
3700121
3701452
3701448
3701447
3703628
3701446
3700598
3703623
3705802
3705804
3708077
3708076
3700593
3702772
3702773
3703620
3702774
3703621
3700590
3702775
3700597
3701444
3700110
3700105
3703617
3700103
3704949
3703615
3709399
3709395
3700586
3701430
3702760
3701028
3706714
3705869
3700171
3700170
3703685
3701021
3703686
3705863
3706713
3706711
3702350
3703681
3700178
3701024
3702352
3704531
3701023
3703684
3706709
3701018
3700169
3706706
3702349
3705858
3706704
3700160
3701491
3700164
3706701
3703675
3700162
3704520
3700165
3703673
3700159
3703667
3702339
3705847
3705841
3700151
3702334
3705844
3704996
3700156
3701003
3701487
3701002
3703656
3704987
3703653
3704983
3703654
3703655
3701477
3704980
3701474
3707609
3705427
3706758
3708937
3704571
3702393
3703245
3706756
3707603
3706757
3705426
3704578
3704573
3704572
3706753
3707600
3701051
3701055
3703234
3705896
3704568
3705414
3708921
3703230
3703231
3704561
3702385
3705894
3706740
3704559
3708916
3703229
3708915
3708914
3700192
3702376
3708913
3705401
3708912
3702378
3704557
3705888
3701048
3705882
3703220
3702374
3705400
3705884
3703222
3704552
3708909
3701039
3708908
3701038
3702369
3703216
3708906
3705878
3703218
3700182
3708902
3703213
3703697
3706724
3708901
3702368
3703215
3703699
3702363
3701034
3709829
3707649
3709827
3708970
3705462
3706791
3709826
3704136
3708978
3709824
3708976
3709823
3703285
3706313
3708974
3709821
3708973
3709820
3707642
3708972
3709819
3709817
3708969
3708960
3703273
3701093
3708968
3708967
3709814
3706303
3706787
3709813
3707635
3709812
3706785
3708964
3704121
3707633
3708963
3709810
3705455
3707630
3705454
3708961
3709808
3705449
3709807
3708959
3709806
3709805
3706770
3706771
3704592
3701083
3701081
3706778
3706779
3708956
3703269
3706776
3709802
3704116
3708954
3707621
3708953
3709800
3703264
3707622
3706772
3707620
3708950
3708949
3706769
3707616
3706760
3704582
3704104
3706767
3701076
3706768
3708945
3707612
3708944
3704105
3704589
3706763
3708942
3701079
3704102
3706761
3705432
3706762
3708652
3707321
3708651
3709982
3708650
3709981
3709980
3704290
3706470
3704291
3705149
3707328
3708659
3706479
3708658
3709989
3707327
3708657
3709988
3708656
3709987
3705144
3707325
3708655
3709986
3706475
3707322
3708654
3709985
3704299
3705146
3708653
3709984
3706462
3707793
3709972
3707794
3708640
3709971
3707791
3709970
3708649
3708648
3708647
3709978
3708646
3709977
3708645
3709976
3704286
3708644
3709975
3704289
3706464
3708643
3709974
3708642
3709973
3707309
3708639
3704272
3706451
3709961
3704271
3707783
3704274
3707780
3704273
3705120
3702091
3707306
3708638
3709969
3704279
3709968
3706457
3708636
3709967
3708635
3709966
3704276
3705123
3707302
3709965
3704275
3706456
3709964
3704278
3705125
3706453
3709963
3704277
3707785
3709962
3708629
3708628
3709959
3709950
3705591
3702080
3702081
3704269
3708627
3709958
3704268
3705115
3708626
3709957
3708625
3709956
3707778
3708624
3709955
3709954
3706445
3707776
3709953
3709952
3705597
3707774
3709951
3700730
3702918
3706034
3708212
3709542
3708694
3709540
3705183
3708219
3708217
3708215
3708216
3708699
3708213
3708214
3709544
3702902
3702909
3702908
3705174
3708685
3709532
3708684
3709531
3708683
3709530
3705175
3705170
3709539
3708687
3709533
3700716
3706495
3706012
3709529
3706018
3709526
3706015
3708678
3708676
3709522
3700702
3700708
3706001
3708662
3709993
3709992
3708660
3709991
3709990
3706481
3706008
3705159
3708669
3709516
3707338
3708668
3709999
3709998
3705155
3707336
3709997
3709996
3706003
3709995
3703804
3700775
3703805
3701625
3703807
3703808
3710100
3706077
3710103
3710102
3710105
3709584
3710104
3710107
3709582
3710106
3710109
3710108
3709108
3700773
3700772
3709104
3701612
3700769
3710112
3710111
3708244
3710113
3708242
3710116
3706065
3708243
3710115
3708240
3709572
3710118
3710117
3706060
3710119
3708248
3706068
3707399
3708246
3706069
3702930
3700757
3710121
3702939
3710120
3710123
3706055
3709565
3710124
3708231
3710127
3709562
3710126
3706051
3709561
3710129
3710128
3702925
3700746
3710130
3710132
3702928
3710131
3710134
3710133
3708222
3705195
3708223
3709553
3710135
3708220
3707374
3710137
3707371
3707372
3707379
3709556
3706047
3707378
3702519
3703846
3709147
3709146
3701660
3702993
3703841
3701661
3700326
3701657
3702989
3701656
3701655
3703838
3700323
3701654
3702985
3703832
3700329
3708291
3709136
3708289
3708284
3709131
3702981
3701652
3701651
3709138
3709137
3700315
3702979
3703827
3700796
3702977
3703824
3708281
3706099
3708277
3709125
3709124
3708275
3709123
3709122
3709121
3706094
3702970
3703820
3709128
3701640
3700788
3700303
3702968
3702969
3703816
3701632
3703817
3700308
3702963
3701638
3702966
3708270
3700309
3703818
3703819
3709598
3706089
3709597
3709596
3709595
3708262
3709594
3708260
3709591
3701631
3709117
3700782
3709115
3701106
3704614
3710060
3703769
3710062
3709072
3710061
3710064
3710063
3710066
3710065
3710068
3710067
3710069
3709067
3700252
3702432
3702434
3701584
3703761
3704607
3702424
3704602
3705933
3703757
3710071
3704604
3710070
3709062
3710073
3709061
3710072
3709060
3710075
3710077
3710079
3710078
3700241
3701570
3702422
3703754
3700244
3701574
3702417
3701567
3705929
3710080
3702898
3710082
3702416
3710081
3710084
3710083
3710086
3710085
3710088
3710087
3710089
3708197
3709043
3702410
3702894
3702411
3703743
3701565
3700227
3700226
3702407
3705918
3701555
3705917
3710091
3702403
3710090
3710093
3705913
3710092
3710095
3708193
3710094
3710097
3710096
3710099
3705919
3710098
3709032
3708184
3702885
3700223
3701552
3701551
3705989
3710020
3710022
3710021
3710024
3710023
3710026
3710025
3710028
3710027
3710029
3702477
3703324
3705503
3706832
3700299
3700298
3700297
3706827
3710031
3710030
3710033
3710035
3710034
3710037
3710036
3710039
3710038
3709097
3706823
3703313
3704645
3700282
3702462
3706819
3703788
3704636
3706816
3702459
3710040
3709093
3710042
3709091
3710044
3709090
3710043
3710046
3710045
3710048
3710049
3700274
3703300
3703784
3700273
3701120
3704634
3700271
3703303
3704633
3703780
3701124
3702450
3704630
3703783
3703777
3704625
3702447
3704626
3710051
3709082
3710053
3710052
3710055
3710054
3710057
3710056
3710059
3710058
3709079
3709077
3709076
3709075
3702443
3704620
3700261
3704623
3700267
3701596
3709909
3709908
3705549
3709907
3705548
3709906
3707726
3709905
3709904
3703361
3701182
3704214
3709903
3704213
3706878
3709902
3707722
3709901
3703369
3704215
3709900
3703362
3702032
3707721
3701189
3702033
3704207
3707715
3704208
3704681
3702024
3705533
3702026
3704205
3707711
3704204
3703352
3706863
3701177
3707709
3707705
3702493
3704674
3703343
3705519
3703337
3704669
3703338
3705515
3702480
3703334
3702483
3705994
3703332
3709949
3709948
3707760
3705580
3709946
3705106
3706433
3709943
3704253
3709942
3706431
3709941
3709939
3706428
3709938
3709937
3705570
3704240
3703399
3707757
3709936
3709935
3709934
3709933
3704243
3709932
3702065
3707754
3709931
3702066
3703398
3709929
3709928
3709927
3709926
3703380
3702051
3704230
3703383
3706899
3709925
3702058
3704235
3706416
3709924
3709923
3705568
3706414
3707745
3709922
3704232
3706895
3709921
3705562
3709920
3705564
3706894
3709919
3709918
3709917
3702041
3701193
3704225
3706404
3707735
3709914
3702047
3709913
3702048
3709912
3701195
3707734
3709911
3706400
3709910
3703375
3706882
3701199
3702045
3704222
